9301	75,15	86,85	39,5	1,475	8,375	16,55
9304	72,375	84,85	41,6	2,95	10,525	18,55
9307	75,1	86	38,3	1	7,2	16
9308	75,7	87,3	39,4	1,5	8,2	16
9310	77,69	86,33	37,875	0,875	5,75	16,775
9311	74,8	86,175	37,475	0,8	6,375	16,8
9314	74,525	86,025	39,35	1,075	8,475	17,3
9315	75,65	87,2	39,075	0,975	8	16,575
9320	74,775	86,525	39,675	1,825	8,1	16,35
9322	74,9	86,7	39,7	1,2	8,6	17,1
9324	75,525	87,15	39,325	1,05	8,15	16,225
9325	75,6	87	39,2	1,1	7,7	15,87
9327	75,75	87,15	38,75	0,925	7,25	15,725
9329	74,025	86,2	40,6	1,825	9,3	18
9330	75,125	87,15	40	0,875	5,35	13
9331	75,8	87,3	39,1	1,4	8,3	16
9332	76,45	87,65	38,4	1,2	7,45	15,4
9333	75,4	87	39,3	1,4	8,1	16,8
9334	75,05	87,125	40,15	1,225	8,4375	17,1
9335	73,9	85,475	39,65	1,75	8,725	17,375
9336	73,5	85	39,7	1,2	9,1	17,7
9337	75,7	87,35	39,2	0,9	7,775	16,55
9338	75,15	86,825	39,375	1,05	8,075	16,675
9341	74,7	86,9	40,4	1,9	8,9	17,8
9342	75,1	86,6	39,1	1,1	7,6	16,5
9343	74,7	85,3	37,6	0,9	6,7	15,3
9344	75,825	87,125	38,6	1,2	7,975	16,075
9347	75,825	87,575	39,35	1,05	8,075	16,475
9348	74,7	86,45	39,725	1,275	8,475	17,1
9349	74,425	86	39,525	1,25	8,3	16,775
9351	75,08	86,18	38,48	0,5	7,4	16,03
9352	76,05	87,025	38,675	0,925	7,55	15,625
9356	74,8	86,5	39,6	1,5	8,1	16,8
9357	75,1	86,9	39,8	1,2	8,2	16,9
9360	75,6	87,25	39,35	1,05	8	16,4
9361	75,3	86,975	39,425	1,625	8,45	16,975
9363	74,7	86,4	39,35	1,65	8,35	17
9364	74,15	86,875	41,45	2,325	9,825	18,45
9366	75,55	87,35	39,575	1,425	8,425	16,825
9367	75,175	86,9	39,475	1,325	8,65	16,5
9368	71,9	82,925	39,225	1,675	9,2	18
9369	75,6	87,1	38,9	1,1	7,4	15,8
9371	75,9	88,6	39,9	1,7	8	16,05
9372	73,9	85,975	40,225	0,975	8,4	17,75
9375	74,325	86,65	40,1	1,7	8,875	17,325
9376	75,275	87,55	40,475	1,35	8,175	16,9
9378	74,775	86,05	38,825	1,05	8,225	16,725
9379	74,8	85,95	38,7	1,175	7,65	16
9382	75,8	86,98	38,43	1,38	7,48	15,53
9384	76,08	87,7575	39,95	1,025	7,4	15,7
9385	75,575	86,15	37,425	0,9	6,725	14,075
9386	75	86,4	39,1	1,5	8	16,4
9387	75,7	86,8	38,2	1,1	7,6	15,4
9389	75,3	86,4	38,6	0,9	7,8	16,1
9390	75,7	87,25	39,1	1,25	8	16,5
9393	76,875	88,225	38,525	1,175	7,625	15,6
9394	75,2	86,6	38,9	1	8	16,3
