9301	90.75	105.225	40.05	1.125	5.1	10.4
9304	88.7	104.4	42.175	1.5	6.35	12.375
9307	91.6	105.6	39.2	0.8	4	9.4
9308	91.6	106.3	40.2	0.9	4.2	10
9310	93.8	104.8975	38.775	1.025	3.6	11.05
9311	90.35	104.425	40.075	0.825	4.625	10.575
9314	89.375	104.525	41.25	1.275	5.825	11.85
9315	91.375	105.725	39.625	0.625	4.525	10.025
9320	91.075	105.425	39.775	1.025	4.975	11.075
9322	90.5	105	40.2	0.9	5.1	10.5
9324	91.4	105.35	39.2	0.425	4.225	9.15
9325	91.22	105.75	40	0.7	4.12	9.12
9327	90.85	105.425	39.9	0.6	3.9	9.875
9329	89.675	104.95	41.35	1.175	5.125	11.1
9330	91	106.2	40.85	1.275	4.5	10.225
9331	91.2	105.9	40.3	1.4	4.7	9.9
9332	92.275	106.05	38.75	0.075	3.65	8.925
9333	90.5	105.3	40.4	0.9	4.5	10.7
9334	93.675	109.225	40.8	0.5	4.375	10.1
9335	90.175	104.625	40.1	1.125	4.675	10.325
9336	91.2	105.1	39	0.3	4.1	9.3
9337	91.6	106.325	40.075	0.55	4.425	9.925
9338	91.475	106.375	40.425	0.525	4.225	10.175
9341	90.2	104.9	40.5	0.9	4.8	11.3
9342	90.4	104.7	39.7	0.5	4	9.9
9343	91.6	104.6	37.4	0.6	2.8	7.6
9344	91.425	105.425	39.125	0.7	3.75	9.425
9347	90.675	105	39.75	0.9	4.4	10.225
9348	90.25	104.875	40.35	1	4.925	10.65
9349	90.95	105.425	39.9	0.725	4.6	9.95
9351	90.73	104.33	38.78	0.2	3.7	9.18
9352	90.55	105.55	40.725	1.175	4.9	10.775
9356	90.4	105.4	40.7	1.1	4.6	10.5
9357	91	105.7	40.3	0.6	4.4	10.2
9360	91.625	106.05	39.75	0.35	4.275	9.775
9361	90.9	105.325	39.9	0.675	5.025	10.2
9363	91.3	105.5	39.4	0.55	3.95	9.6
9364	90.05	105.3	41.175	0.9	5.2	10.95
9366	91.775	105.55	40.825	0.925	4.9	10.7
9367	91.775	105.875	39.15	0.85	4.2	8.95
9368	89.275	103.75	40.375	1.05	4.925	10.925
9369	92.5	106.5	38.9	0.2	3.1	8.4
9371	98.8	111.7	36.1	0.2	2.9	7.5
9372	91.5	106.225	40.25	0.6	4.325	10.05
9375	92.45	106.9	39.8	0.925	4.25	9.375
9376	91.4	106.075	40.125	0.9	4.025	9.75
9378	91.15	105	39.35	0.35	4.225	9.85
9379	90.725	105.2	40.025	0.65	4.25	10.05
9382	91.3	105.3	39.3	1.5	4.7	9.5
9384	92.9775	106.7025	39.35	0.425	3.525	9.325
9385	93	105.75	37.05	0.525	2.85	8.025
9386	91.2	105.6	39.7	0.6	4.2	10
9387	90.4	104.5	39.7	1.2	4.6	9.9
9389	92.2	106	38.8	0.3	3.6	8.8
9390	91.6	105.45	38.9	0.775	4.075	9.525
9393	94.1	109	39.9	0.8	3.5	9.1
9394	91.1	105.2	39.3	0.6	4.2	9.9
