9301	80.675	95.95	43.375	1.175	6.475	13.725
9304	78.75	94.45	44.725	1	7.3	15.625
9307	85	97.3	38	0.2	3.5	10.2
9308	79.7	95.4	44.4	0.9	6	14
9310	81.03125	95.775	42.625	0.81875	5.81875	13.3875
9311	79.575	94.775	44.225	0.825	6.325	14.75
9314	78.225	93.9	44.85	0.9	6.95	15.975
9315	80.7	96.275	43.925	0.65	6.35	14.45
9320	79.65	95.125	44.15	1.05	6.4	15.125
9322	79.6	95.6	44.9	0.8	7	15
9324	80.775	95.425	42.7	0.525	5.7	12.9
9325	80.2	96.1	44.5	0.87	6.4	13.9
9327	79.7	95.25	44.125	0.325	5.5	13.9
9329	78.85	94.95	45.275	1.425	7.075	15.075
9330	79.925	94.5	42.6	1.4	6.15	13.05
9331	80	96	44.8	1.2	6.6	14.9
9332	80.75	96	43.55	0.275	5.6	13.55
9333	79.9	95.6	44.3	0.8	6	14.3
9334	80.925	97.8	45.725	0.525	6.25	14.525
9335	78.375	94.1	44.775	1.15	6.75	15.2
9336	78.9	94.3	44.2	0.7	6.4	14.4
9337	80.775	96.75	44.425	0.575	6.05	14
9338	79.45	94.725	43.9	0.625	5.725	13.825
9341	80.3	96.4	44.8	1.1	6.7	14.9
9342	79.2	94.4	43.9	0.9	6	14.4
9343	79.8	94.2	42.3	0.6	5	12.8
9344	79.625	95.5	44.625	0.875	6.575	15.125
9347	80.5	96.075	43.95	0.8	6.075	14.125
9348	79.05	94.675	44.525	0.85	6.775	14.9
9349	79	94.575	44.425	0.775	6.35	14.85
9351	79.6	94.73	43.6	0.33	5.66	13.9
9352	80.325	95.525	43.675	0.1	5.775	13.9
9356	80.8	96.5	44	1	6.1	13.5
9357	80.8	96.3	44	0.8	6.2	14.1
9360	81.1	96.15	43.125	0.325	5.35	13.1
9361	79.075	94.825	44.725	0.725	6.625	14.825
9363	79.65	96.05	45.3	0.75	6.85	15.35
9364	79.4	94.525	43.6	0.625	5.65	13.775
9366	80.55	96.825	45	1.35	7.15	15
9367	79.8	95.475	44.35	0.775	6.125	14.15
9368	79.475	94.825	44	0.925	6.475	14.65
9369	81.2	96.4	43.4	0.7	5.2	12.9
9371	90.2	104.1	39.3	0.1	2.8	8.8
9372	80.275	96.675	45.225	0.6	6.475	14.625
9375	82.5	98.45	44.475	0.85	5.05	12.3
9376	79.875	96.3	45.45	1.125	6.675	14.375
9378	79.125	94.375	43.9	0.55	6.275	14.575
9379	79.575	95.4	44.675	0.775	6.1	14.45
9382	79.5	95	44.2	1.2	6.6	14.5
9384	79.7225	94.8225	44.225	0.425	5.925	14.225
9385	82.925	96.3	40.275	0.15	3.3	9.625
9386	80.3	95.8	44.5	0.8	6.1	14.1
9387	79.9	95.3	44.1	1.1	6.4	14.3
9389	80.8	96	43.6	0.5	5.9	13.6
9390	80.05	95.275	43.625	0.85	6.275	14.425
9393	82.675	98.425	43.7	0.625	5.525	13.25
9394	79.2	94.3	43.7	0.6	6.4	14.5
