9301	64.65	76.7	43.2	3.75	12.675	23.2
9304	63.2	76.125	45.425	4.55	14.275	25.775
9307	65.3	76.7	41.7	1.6	10.4	22.5
9308	65.3	77.3	43	2.5	11.7	22.6
9310	64.975	75.47	44.3	4.525	11.25	26.7
9311	64.475	76.15	43.75	3.4	12.775	24.375
9314	63.425	75.375	43.575	3.425	13.25	25.05
9315	64.075	76.5	44	3.725	13.175	24.475
9320	64.8	77.125	43.6	3.575	12.175	23.65
9322	63.4	76	44.7	3.9	13.7	25.4
9324	64.575	76.725	43.475	3.15	12.625	23.45
9325	64.8	77.2	43.9	3.2	12.4	23.4
9327	63.6	76.1	44.2	4.15	13.05	24.5
9329	63.675	76.6	45.1	3.95	13.4	24.925
9330	65.225	76.625	41.775	3.275	10.75	19.6
9331	64	76.6	44.3	3.9	13.3	24.4
9332	66.825	78.65	42.15	2.6	11	21.175
9333	64	76.1	43.6	3.3	12.7	24.4
9334	64.1	77.55	45.925	4.375	13.975	25.35
9335	63.575	75.675	43.65	3.7	12.875	24.325
9336	64.1	76.1	43.4	3.4	12.7	23.8
9337	64.425	76.65	43.575	3.15	12.475	23.925
9338	64.25	76.5	43.825	3.4	12.575	23.875
9341	64.7	77	43.6	3.3	12.2	23.8
9342	64.3	75.9	42.7	2.7	11.8	23.4
9343	64.4	75.9	42.2	2.4	11.5	23.3
9344	64.675	76.8	43.35	3.3	12.425	23.75
9347	65	77.225	43.3	3.125	12.15	23.45
9348	64.35	76.725	43.95	3.5	12.875	24.1
9349	63.925	76.225	43.875	3.725	13.05	24.175
9351	63.6	75.3	42.95	3	12.28	23.98
9352	64.925	76.5	42.95	3.075	12.225	23.425
9356	63.5	76.3	44.9	4	13.7	26.2
9357	64.5	77	44.3	3.4	12.5	24
9360	64.2	76.175	43.325	3.1	12.3	23.725
9361	65.1	77.25	43.725	3.2	12.6	23.45
9363	64.35	76.7	43.8	3.45	12.75	24.05
9364	64.275	76.85	44.25	3.5	13.25	3.5
9366	63.55	75.875	44.825	4.625	14.325	25.45
9367	65	76.9	42.85	2.875	12.05	22.85
9368	63.425	75.575	43.925	3.575	13	24.925
9369	65.6	77.4	42.5	2.4	11.5	22.4
9371	68.2	80.5	42.5	1.5	9.7	20.1
9372	62.925	75.625	45.35	4.225	14.375	26.425
9375	66.575	79.825	46.275	2.725	11.625	23.85
9376	64.325	77.325	45.05	3.225	12.55	24.35
9378	64.475	76.625	43.425	4.15	12.4	24
9379	64.825	77.1	43.625	3.5	12.275	23.275
9382	64.4	76.8	43.9	4	12.8	24
9384	65.1075	76.4475	42.625	2.975	12.1	23.55
9385	65.375	77.05	42.3	2.225	10.65	21.825
9386	64.8	76.7	42.7	3	11.6	22.9
9387	64.6	76.7	43.3	3.5	12.6	23.5
9389	64.7	76.4	42.7	2.3	11.7	23
9390	64.925	76.85	42.85	3.075	11.975	23.15
9393	64.9	77.45	44.025	3.3	12.675	23.95
9394	64.5	76.4	43	3.3	12.7	23.3
